# Created by Octave 6.4.0, Thu Oct 27 08:57:13 2022 UTC <root@b3d554c31921>
# name: foo_matrix
# type: matrix
# rows: 3
# columns: 2
 1 2
 3 4
 5 6.0999999999999996


